1 0 0 0 0 1 0 0 0 0 1 0
1 0 0 0 0 1 0 0 0 0 1 0
1 0 0 0 0 1 0 0 0 0 1 0
1 0 0 0 0 1 0 0 0 0 1 0
1 0 0 0 0 1 0 0 0 0 1 0
1 0 0 0 0 1 0 0 0 0 1 0
1 0 0 -1.95938 0 1 0 0.112385 0 0 1 -0.185382
1 0 0 -3.3671 0 1 0 0.239006 0 0 1 -0.342763
1 0 0 -4.55367 0 1 0 0.0811055 0 0 1 -0.572793
1 0 0 -5.62651 0 1 0 -0.292214 0 0 1 -0.803805
1 0 0 -6.98891 0 1 0 -0.772669 0 0 1 -1.06807
1 0 0 -8.44812 0 1 0 -1.33203 0 0 1 -1.1919
1 0 0 -9.51133 0 1 0 -1.76783 0 0 1 -1.30773
1 0 0 -10.6636 0 1 0 -2.29036 0 0 1 -1.44763
1 0 0 -11.4567 0 1 0 -2.78296 0 0 1 -1.74763
1 0 0 -12.2584 0 1 0 -3.25516 0 0 1 -1.93649
1 0 0 -13.2314 0 1 0 -3.80115 0 0 1 -2.12704
1 0 0 -14.0807 0 1 0 -4.22783 0 0 1 -2.282
1 0 0 -14.9778 0 1 0 -4.7266 0 0 1 -2.49229
1 0 0 -15.8049 0 1 0 -5.41213 0 0 1 -2.642
1 0 0 -16.7042 0 1 0 -6.26667 0 0 1 -2.81455
1 0 0 -17.5157 0 1 0 -6.94771 0 0 1 -2.82989
1 0 0 -18.2167 0 1 0 -7.60593 0 0 1 -3.01007
1 0 0 -19.0725 0 1 0 -8.22077 0 0 1 -3.06849
1 0 0 -19.9195 0 1 0 -8.70639 0 0 1 -3.02674
1 0 0 -20.5474 0 1 0 -9.05159 0 0 1 -3.09148
1 0 0 -21.1624 0 1 0 -9.4507 0 0 1 -3.3327
1 0 0 -21.9646 0 1 0 -9.80635 0 0 1 -3.56909
1 0 0 -22.8162 0 1 0 -10.1327 0 0 1 -3.7118
1 0 0 -23.5734 0 1 0 -10.3407 0 0 1 -3.7899
1 0 0 -24.1833 0 1 0 -10.8036 0 0 1 -3.83552
1 0 0 -24.7248 0 1 0 -11.4005 0 0 1 -3.8945
1 0 0 -25.2826 0 1 0 -12.1622 0 0 1 -3.96849
1 0 0 -26.3276 0 1 0 -13.6501 0 0 1 -4.12905
1 0 0 -26.8251 0 1 0 -14.4197 0 0 1 -4.25496
1 0 0 -27.3401 0 1 0 -15.1481 0 0 1 -4.36114
1 0 0 -28.2381 0 1 0 -15.6587 0 0 1 -4.4363
1 0 0 -28.9736 0 1 0 -16.2374 0 0 1 -4.38869
1 0 0 -29.7873 0 1 0 -16.7263 0 0 1 -4.40088
1 0 0 -30.6241 0 1 0 -17.2978 0 0 1 -4.37226
1 0 0 -31.3583 0 1 0 -17.8443 0 0 1 -4.24842
1 0 0 -32.4944 0 1 0 -18.246 0 0 1 -4.22569
1 0 0 -33.2749 0 1 0 -18.8177 0 0 1 -4.2339
1 0 0 -33.7847 0 1 0 -19.243 0 0 1 -4.15736
1 0 0 -34.4949 0 1 0 -19.5286 0 0 1 -4.1099
1 0 0 -35.2195 0 1 0 -19.922 0 0 1 -4.0646
1 0 0 -35.8916 0 1 0 -20.3525 0 0 1 -4.03063
1 0 0 -36.7079 0 1 0 -20.7798 0 0 1 -4.05159
1 0 0 -37.2755 0 1 0 -21.3152 0 0 1 -4.08878
1 0 0 -38.0343 0 1 0 -21.7563 0 0 1 -4.08803
1 0 0 -38.7313 0 1 0 -22.3388 0 0 1 -4.15906
1 0 0 -39.4162 0 1 0 -22.8049 0 0 1 -4.14042
1 0 0 -40.0082 0 1 0 -23.2149 0 0 1 -4.08665
1 0 0 -40.6329 0 1 0 -23.4255 0 0 1 -4.02196
1 0 0 -41.3498 0 1 0 -23.6887 0 0 1 -3.92714
1 0 0 -42.1137 0 1 0 -24.1675 0 0 1 -3.87087
1 0 0 -42.9484 0 1 0 -24.7838 0 0 1 -3.83812
1 0 0 -43.8547 0 1 0 -25.3816 0 0 1 -3.89412
1 0 0 -44.7313 0 1 0 -26.0214 0 0 1 -3.88053
1 0 0 -45.6423 0 1 0 -26.5259 0 0 1 -3.73633
1 0 0 -46.4778 0 1 0 -27.2379 0 0 1 -3.60709
1 0 0 -47.2406 0 1 0 -27.8819 0 0 1 -3.62953
1 0 0 -48.0944 0 1 0 -28.3764 0 0 1 -3.56583
1 0 0 -49.0232 0 1 0 -28.9693 0 0 1 -3.56262
1 0 0 -49.8003 0 1 0 -29.7955 0 0 1 -3.49295
1 0 0 -50.5068 0 1 0 -31.0579 0 0 1 -3.78419
1 0 0 -51.1589 0 1 0 -32.1359 0 0 1 -4.02913
1 0 0 -52.0007 0 1 0 -33.1697 0 0 1 -4.3974
1 0 0 -52.9645 0 1 0 -34.201 0 0 1 -4.64682
1 0 0 -53.675 0 1 0 -35.1924 0 0 1 -4.9952
1 0 0 -54.4193 0 1 0 -36.1459 0 0 1 -5.16444
1 0 0 -55.1366 0 1 0 -37.1102 0 0 1 -5.25821
1 0 0 -55.9283 0 1 0 -37.8519 0 0 1 -5.28539
1 0 0 -56.8095 0 1 0 -38.7626 0 0 1 -5.47998
1 0 0 -57.7097 0 1 0 -39.459 0 0 1 -5.63491
1 0 0 -58.5647 0 1 0 -40.252 0 0 1 -5.69837
1 0 0 -59.3102 0 1 0 -41.1352 0 0 1 -6.03398
1 0 0 -60.0885 0 1 0 -42.0598 0 0 1 -6.41257
1 0 0 -60.8357 0 1 0 -42.9541 0 0 1 -6.90737
1 0 0 -61.6606 0 1 0 -43.7421 0 0 1 -7.30975
1 0 0 -62.5706 0 1 0 -44.4857 0 0 1 -7.509
1 0 0 -63.2897 0 1 0 -45.4609 0 0 1 -7.6112
1 0 0 -63.8027 0 1 0 -46.5299 0 0 1 -7.79382
1 0 0 -64.2347 0 1 0 -48.0708 0 0 1 -7.94865
1 0 0 -64.3857 0 1 0 -49.2717 0 0 1 -8.11751
1 0 0 -64.7675 0 1 0 -49.8846 0 0 1 -8.33536
1 0 0 -65.5175 0 1 0 -50.1944 0 0 1 -8.5147
1 0 0 -66.311 0 1 0 -50.7513 0 0 1 -8.70318
1 0 0 -67.2034 0 1 0 -51.4365 0 0 1 -8.90709
1 0 0 -68.2016 0 1 0 -52.4023 0 0 1 -9.08399
1 0 0 -68.9563 0 1 0 -52.8926 0 0 1 -9.24711
1 0 0 -69.7915 0 1 0 -53.3279 0 0 1 -9.35829
1 0 0 -70.7198 0 1 0 -53.8839 0 0 1 -9.43179
1 0 0 -71.6111 0 1 0 -54.4969 0 0 1 -9.51773
1 0 0 -72.7211 0 1 0 -55.4841 0 0 1 -9.56654
1 0 0 -73.6763 0 1 0 -56.3021 0 0 1 -9.72056
1 0 0 -74.6069 0 1 0 -57.1195 0 0 1 -9.90212
1 0 0 -75.5921 0 1 0 -57.7295 0 0 1 -10.057
1 0 0 -76.3636 0 1 0 -58.1488 0 0 1 -10.1636
1 0 0 -77.354 0 1 0 -58.7093 0 0 1 -10.1855
1 0 0 -78.4066 0 1 0 -59.5754 0 0 1 -10.1523
1 0 0 -79.6237 0 1 0 -60.2978 0 0 1 -10.0604
1 0 0 -80.7221 0 1 0 -60.9426 0 0 1 -10.0383
1 0 0 -81.8118 0 1 0 -61.494 0 0 1 -10.1251
1 0 0 -82.8203 0 1 0 -62.1629 0 0 1 -10.3
1 0 0 -83.8084 0 1 0 -62.8684 0 0 1 -10.5005
1 0 0 -84.7065 0 1 0 -63.6165 0 0 1 -10.6196
1 0 0 -85.472 0 1 0 -64.454 0 0 1 -10.7296
1 0 0 -86.3086 0 1 0 -65.2512 0 0 1 -10.7389
1 0 0 -87.2992 0 1 0 -66.1123 0 0 1 -10.6648
1 0 0 -88.3208 0 1 0 -66.8609 0 0 1 -10.5684
1 0 0 -89.2665 0 1 0 -67.5655 0 0 1 -10.6159
1 0 0 -90.3121 0 1 0 -67.9024 0 0 1 -10.4683
1 0 0 -91.1582 0 1 0 -68.4008 0 0 1 -10.322
1 0 0 -91.9803 0 1 0 -69.0515 0 0 1 -10.1719
1 0 0 -92.8719 0 1 0 -69.7164 0 0 1 -9.96277
1 0 0 -93.8678 0 1 0 -70.3556 0 0 1 -9.87608
1 0 0 -94.8604 0 1 0 -71.0396 0 0 1 -9.78851
1 0 0 -95.6894 0 1 0 -71.8699 0 0 1 -9.67906
1 0 0 -96.5069 0 1 0 -72.5907 0 0 1 -9.6804
1 0 0 -97.3089 0 1 0 -73.6005 0 0 1 -9.81391
1 0 0 -98.2285 0 1 0 -74.5399 0 0 1 -9.65709
1 0 0 -99.1839 0 1 0 -75.4626 0 0 1 -9.5098
1 0 0 -100.104 0 1 0 -76.5234 0 0 1 -9.45926
1 0 0 -101.255 0 1 0 -77.554 0 0 1 -9.50514
1 0 0 -102.373 0 1 0 -78.5513 0 0 1 -9.42513
1 0 0 -103.288 0 1 0 -79.5369 0 0 1 -9.36861
1 0 0 -104.246 0 1 0 -80.4265 0 0 1 -9.35628
1 0 0 -105.175 0 1 0 -80.9931 0 0 1 -9.33617
1 0 0 -106.125 0 1 0 -81.5316 0 0 1 -9.41659
1 0 0 -107.09 0 1 0 -82.2379 0 0 1 -9.52925
1 0 0 -108 0 1 0 -83.0432 0 0 1 -9.6398
1 0 0 -108.923 0 1 0 -83.9431 0 0 1 -9.67299
1 0 0 -109.766 0 1 0 -84.8715 0 0 1 -9.77956
1 0 0 -110.608 0 1 0 -85.8469 0 0 1 -9.97627
1 0 0 -111.463 0 1 0 -86.6897 0 0 1 -10.1739
1 0 0 -112.33 0 1 0 -87.6708 0 0 1 -10.2216
1 0 0 -113.147 0 1 0 -88.7261 0 0 1 -10.353
1 0 0 -113.54 0 1 0 -89.826 0 0 1 -10.5568
1 0 0 -113.615 0 1 0 -91.069 0 0 1 -10.5786
1 0 0 -113.348 0 1 0 -92.3479 0 0 1 -10.7699
1 0 0 -112.991 0 1 0 -93.7295 0 0 1 -10.9293
1 0 0 -112.71 0 1 0 -94.9272 0 0 1 -11.0562
1 0 0 -112.361 0 1 0 -96.0194 0 0 1 -11.0324
1 0 0 -112.042 0 1 0 -97.1843 0 0 1 -11.204
1 0 0 -111.864 0 1 0 -98.2237 0 0 1 -11.3014
1 0 0 -111.81 0 1 0 -99.1187 0 0 1 -11.2392
1 0 0 -111.761 0 1 0 -100.174 0 0 1 -11.1345
1 0 0 -111.797 0 1 0 -101.392 0 0 1 -10.9612
1 0 0 -111.671 0 1 0 -102.438 0 0 1 -10.714
1 0 0 -111.436 0 1 0 -103.439 0 0 1 -10.7201
1 0 0 -110.992 0 1 0 -104.408 0 0 1 -10.5828
1 0 0 -110.516 0 1 0 -105.473 0 0 1 -10.4149
1 0 0 -110.396 0 1 0 -106.759 0 0 1 -10.3594
1 0 0 -110.137 0 1 0 -108.164 0 0 1 -10.3355
1 0 0 -109.62 0 1 0 -109.429 0 0 1 -10.2066
1 0 0 -109.389 0 1 0 -110.677 0 0 1 -10.1308
1 0 0 -108.961 0 1 0 -111.63 0 0 1 -9.93611
1 0 0 -108.5 0 1 0 -112.534 0 0 1 -9.85896
1 0 0 -108.299 0 1 0 -113.404 0 0 1 -9.73813
1 0 0 -107.97 0 1 0 -114.326 0 0 1 -9.65205
1 0 0 -107.629 0 1 0 -115.344 0 0 1 -9.56283
1 0 0 -107.385 0 1 0 -116.4 0 0 1 -9.46905
1 0 0 -107.18 0 1 0 -117.536 0 0 1 -9.41092
1 0 0 -107.024 0 1 0 -118.851 0 0 1 -9.42456
1 0 0 -106.837 0 1 0 -120.087 0 0 1 -9.48296
1 0 0 -106.891 0 1 0 -121.212 0 0 1 -9.40149
1 0 0 -106.865 0 1 0 -122.339 0 0 1 -9.47078
1 0 0 -106.879 0 1 0 -123.442 0 0 1 -9.48059
1 0 0 -106.825 0 1 0 -124.647 0 0 1 -9.39911
1 0 0 -106.958 0 1 0 -126.107 0 0 1 -9.53475
1 0 0 -107.212 0 1 0 -127.524 0 0 1 -9.35397
1 0 0 -107.475 0 1 0 -128.91 0 0 1 -9.17566
1 0 0 -107.641 0 1 0 -130.216 0 0 1 -9.06441
1 0 0 -107.553 0 1 0 -131.427 0 0 1 -8.84642
1 0 0 -107.519 0 1 0 -131.971 0 0 1 -8.88411
1 0 0 -107.264 0 1 0 -133.153 0 0 1 -8.78486
1 0 0 -106.955 0 1 0 -134.472 0 0 1 -8.95489
1 0 0 -106.561 0 1 0 -135.78 0 0 1 -8.95087
1 0 0 -106.112 0 1 0 -137.085 0 0 1 -8.98326
1 0 0 -105.796 0 1 0 -138.423 0 0 1 -8.87985
1 0 0 -105.504 0 1 0 -139.455 0 0 1 -8.71397
1 0 0 -105.252 0 1 0 -140.334 0 0 1 -8.54806
1 0 0 -105.032 0 1 0 -141.345 0 0 1 -8.49965
1 0 0 -104.939 0 1 0 -142.362 0 0 1 -8.39039
1 0 0 -104.813 0 1 0 -143.221 0 0 1 -8.38321
1 0 0 -104.762 0 1 0 -144.21 0 0 1 -8.38398
1 0 0 -104.853 0 1 0 -145.18 0 0 1 -8.47042
1 0 0 -104.843 0 1 0 -146.307 0 0 1 -8.64078
1 0 0 -104.601 0 1 0 -147.258 0 0 1 -8.6441
1 0 0 -104.038 0 1 0 -148.166 0 0 1 -8.61886
1 0 0 -103.575 0 1 0 -149.098 0 0 1 -8.51734
1 0 0 -103.355 0 1 0 -150.072 0 0 1 -8.56006
1 0 0 -103.321 0 1 0 -150.763 0 0 1 -8.50687
1 0 0 -103.234 0 1 0 -151.615 0 0 1 -8.43186
1 0 0 -102.321 0 1 0 -152.911 0 0 1 -8.30423
1 0 0 -101.69 0 1 0 -154.435 0 0 1 -8.16145
1 0 0 -102.145 0 1 0 -155.049 0 0 1 -7.9927
1 0 0 -101.977 0 1 0 -156.227 0 0 1 -7.81292
1 0 0 -101.702 0 1 0 -157.681 0 0 1 -7.6891
1 0 0 -101.302 0 1 0 -159.146 0 0 1 -7.62788
1 0 0 -100.842 0 1 0 -160.525 0 0 1 -7.50356
1 0 0 -100.416 0 1 0 -161.764 0 0 1 -7.37732
1 0 0 -100.149 0 1 0 -162.884 0 0 1 -7.46217
1 0 0 -100.34 0 1 0 -163.796 0 0 1 -7.35537
1 0 0 -100.131 0 1 0 -165.046 0 0 1 -7.25987
1 0 0 -100.043 0 1 0 -166.189 0 0 1 -7.02046
1 0 0 -100.164 0 1 0 -167.106 0 0 1 -6.7117
1 0 0 -100.02 0 1 0 -167.973 0 0 1 -6.57331
1 0 0 -99.6954 0 1 0 -169.418 0 0 1 -6.46827
1 0 0 -99.4155 0 1 0 -170.888 0 0 1 -6.36292
1 0 0 -99.2376 0 1 0 -172.345 0 0 1 -6.19509
1 0 0 -98.845 0 1 0 -173.954 0 0 1 -6.21386
1 0 0 -98.3117 0 1 0 -175.445 0 0 1 -6.25344
1 0 0 -98.1831 0 1 0 -176.515 0 0 1 -6.19492
1 0 0 -97.3323 0 1 0 -178.082 0 0 1 -6.20699
1 0 0 -96.5412 0 1 0 -179.19 0 0 1 -6.09422
1 0 0 -96.2141 0 1 0 -180.205 0 0 1 -5.89235
1 0 0 -95.7897 0 1 0 -181.376 0 0 1 -5.85033
1 0 0 -95.3236 0 1 0 -182.602 0 0 1 -5.84574
1 0 0 -95.04 0 1 0 -183.689 0 0 1 -5.81051
1 0 0 -95.0546 0 1 0 -184.78 0 0 1 -5.68716
1 0 0 -95.4035 0 1 0 -185.139 0 0 1 -5.62196
1 0 0 -95.6607 0 1 0 -185.799 0 0 1 -5.50881
1 0 0 -94.6794 0 1 0 -187.711 0 0 1 -5.53229
1 0 0 -94.7475 0 1 0 -188.7 0 0 1 -5.30904
1 0 0 -94.4888 0 1 0 -189.874 0 0 1 -5.26439
1 0 0 -94.7255 0 1 0 -191.049 0 0 1 -5.06929
1 0 0 -94.8117 0 1 0 -192.375 0 0 1 -5.03218
1 0 0 -94.7366 0 1 0 -193.541 0 0 1 -4.92428
1 0 0 -94.3599 0 1 0 -195.158 0 0 1 -4.86017
1 0 0 -93.9912 0 1 0 -196.546 0 0 1 -4.68593
1 0 0 -93.8387 0 1 0 -197.759 0 0 1 -4.45246
1 0 0 -93.7764 0 1 0 -198.97 0 0 1 -4.40109
1 0 0 -93.7358 0 1 0 -200.07 0 0 1 -4.48998
1 0 0 -93.4764 0 1 0 -201.591 0 0 1 -4.52388
1 0 0 -93.1092 0 1 0 -203.019 0 0 1 -4.45025
1 0 0 -92.6652 0 1 0 -204.489 0 0 1 -4.49397
1 0 0 -92.3603 0 1 0 -205.908 0 0 1 -4.44204
1 0 0 -92.307 0 1 0 -207.134 0 0 1 -4.43209
1 0 0 -92.3129 0 1 0 -208.204 0 0 1 -4.39573
1 0 0 -92.1672 0 1 0 -209.962 0 0 1 -4.34644
1 0 0 -91.6462 0 1 0 -210.992 0 0 1 -4.27887
1 0 0 -92.1493 0 1 0 -212.009 0 0 1 -4.11547
1 0 0 -92.0537 0 1 0 -212.893 0 0 1 -4.10756
1 0 0 -91.5633 0 1 0 -214.758 0 0 1 -4.1686
1 0 0 -91.3575 0 1 0 -215.77 0 0 1 -4.15324
1 0 0 -90.6214 0 1 0 -217.338 0 0 1 -4.16636
1 0 0 -90.2149 0 1 0 -218.766 0 0 1 -4.05814
1 0 0 -90.054 0 1 0 -220.049 0 0 1 -3.79794
1 0 0 -90.2682 0 1 0 -221.655 0 0 1 -3.46424
1 0 0 -90.1805 0 1 0 -222.6 0 0 1 -3.26286
1 0 0 -89.8132 0 1 0 -224.009 0 0 1 -3.23148
1 0 0 -89.4581 0 1 0 -225.3 0 0 1 -3.1802
1 0 0 -89.1643 0 1 0 -226.405 0 0 1 -3.14868
1 0 0 -88.7948 0 1 0 -227.68 0 0 1 -3.07133
1 0 0 -88.4382 0 1 0 -228.868 0 0 1 -3.0646
1 0 0 -88.1716 0 1 0 -230.084 0 0 1 -2.86742
1 0 0 -87.7958 0 1 0 -231.403 0 0 1 -2.82344
1 0 0 -87.5163 0 1 0 -232.56 0 0 1 -2.80555
1 0 0 -87.165 0 1 0 -233.63 0 0 1 -2.90008
1 0 0 -86.6305 0 1 0 -234.454 0 0 1 -2.92618
1 0 0 -86.1279 0 1 0 -235.342 0 0 1 -2.97881
1 0 0 -85.6081 0 1 0 -236.407 0 0 1 -2.79316
1 0 0 -85.1984 0 1 0 -237.444 0 0 1 -2.79389
1 0 0 -84.8574 0 1 0 -238.28 0 0 1 -2.88084
1 0 0 -84.2364 0 1 0 -238.753 0 0 1 -2.92547
1 0 0 -83.6776 0 1 0 -238.488 0 0 1 -3.05484
1 0 0 -82.974 0 1 0 -237.963 0 0 1 -3.23454
1 0 0 -81.7897 0 1 0 -237.384 0 0 1 -3.21095
1 0 0 -80.7736 0 1 0 -236.875 0 0 1 -3.19957
1 0 0 -79.472 0 1 0 -236.462 0 0 1 -3.20426
1 0 0 -78.1793 0 1 0 -236.311 0 0 1 -3.28164
1 0 0 -76.902 0 1 0 -236.367 0 0 1 -3.33004
1 0 0 -75.3134 0 1 0 -236.069 0 0 1 -3.38242
1 0 0 -73.9686 0 1 0 -235.862 0 0 1 -3.4551
1 0 0 -72.7914 0 1 0 -235.62 0 0 1 -3.64041
1 0 0 -71.5817 0 1 0 -235.35 0 0 1 -3.77367
1 0 0 -70.3915 0 1 0 -235.154 0 0 1 -3.83626
1 0 0 -68.5169 0 1 0 -234.991 0 0 1 -4.08546
1 0 0 -66.7931 0 1 0 -234.379 0 0 1 -4.48487
1 0 0 -65.024 0 1 0 -234.334 0 0 1 -4.73841
1 0 0 -63.2804 0 1 0 -234.145 0 0 1 -4.8021
1 0 0 -61.7117 0 1 0 -234.048 0 0 1 -4.83546
1 0 0 -60.3985 0 1 0 -234.359 0 0 1 -4.81869
1 0 0 -58.9259 0 1 0 -234.48 0 0 1 -4.79279
1 0 0 -57.8209 0 1 0 -234.574 0 0 1 -4.90465
1 0 0 -56.7326 0 1 0 -234.187 0 0 1 -5.06181
1 0 0 -55.6384 0 1 0 -233.775 0 0 1 -4.95772
1 0 0 -54.3967 0 1 0 -233.454 0 0 1 -4.95733
1 0 0 -53.0702 0 1 0 -233.2 0 0 1 -4.93684
1 0 0 -51.8828 0 1 0 -232.949 0 0 1 -4.95188
1 0 0 -50.6526 0 1 0 -232.755 0 0 1 -5.10047
1 0 0 -49.5182 0 1 0 -232.879 0 0 1 -5.14125
1 0 0 -48.3899 0 1 0 -232.87 0 0 1 -5.10504
1 0 0 -47.1743 0 1 0 -232.779 0 0 1 -5.1531
1 0 0 -45.9088 0 1 0 -232.562 0 0 1 -5.1733
1 0 0 -44.7231 0 1 0 -232.322 0 0 1 -5.18239
1 0 0 -43.5843 0 1 0 -232.067 0 0 1 -5.14538
1 0 0 -42.5575 0 1 0 -231.759 0 0 1 -5.2214
1 0 0 -41.3968 0 1 0 -231.389 0 0 1 -5.2309
1 0 0 -39.6963 0 1 0 -231.488 0 0 1 -5.39758
1 0 0 -38.2726 0 1 0 -231.546 0 0 1 -5.31405
1 0 0 -36.8717 0 1 0 -231.53 0 0 1 -5.23419
1 0 0 -35.3209 0 1 0 -231.159 0 0 1 -5.18878
1 0 0 -35.0747 0 1 0 -230.615 0 0 1 -5.03717
1 0 0 -34.1598 0 1 0 -230.136 0 0 1 -5.0037
1 0 0 -32.8433 0 1 0 -229.65 0 0 1 -4.80006
1 0 0 -31.539 0 1 0 -229.338 0 0 1 -4.67487
1 0 0 -30.3627 0 1 0 -229.094 0 0 1 -4.60485
1 0 0 -29.2072 0 1 0 -228.953 0 0 1 -4.46101
1 0 0 -27.8249 0 1 0 -228.916 0 0 1 -4.35441
1 0 0 -26.4033 0 1 0 -228.942 0 0 1 -4.30609
1 0 0 -25.2829 0 1 0 -228.914 0 0 1 -4.2815
1 0 0 -23.4653 0 1 0 -229.054 0 0 1 -4.27821
1 0 0 -22.3646 0 1 0 -228.987 0 0 1 -4.0806
1 0 0 -20.7439 0 1 0 -228.952 0 0 1 -4.04201
1 0 0 -19.8057 0 1 0 -228.392 0 0 1 -3.985
1 0 0 -18.8568 0 1 0 -228.117 0 0 1 -3.95583
1 0 0 -17.6612 0 1 0 -227.946 0 0 1 -3.94208
1 0 0 -15.9063 0 1 0 -227.696 0 0 1 -4.09498
1 0 0 -14.3313 0 1 0 -227.395 0 0 1 -4.32821
1 0 0 -12.6759 0 1 0 -227.209 0 0 1 -4.5327
1 0 0 -11.0916 0 1 0 -226.906 0 0 1 -4.69366
1 0 0 -9.76421 0 1 0 -226.715 0 0 1 -4.62851
1 0 0 -8.24709 0 1 0 -226.698 0 0 1 -4.78655
1 0 0 -6.36428 0 1 0 -226.333 0 0 1 -4.86922
1 0 0 -4.73336 0 1 0 -225.927 0 0 1 -4.94577
1 0 0 -3.29162 0 1 0 -225.693 0 0 1 -4.86021
1 0 0 -2.2641 0 1 0 -225.423 0 0 1 -4.84172
1 0 0 -1.2426 0 1 0 -225.07 0 0 1 -4.86119
1 0 0 -0.331216 0 1 0 -224.352 0 0 1 -4.96715
1 0 0 -0.0111758 0 1 0 -223.356 0 0 1 -5.12677
1 0 0 1.1265 0 1 0 -222.651 0 0 1 -5.61003
1 0 0 1.97564 0 1 0 -221.799 0 0 1 -6.00087
1 0 0 2.7159 0 1 0 -221.005 0 0 1 -6.59903
1 0 0 3.33931 0 1 0 -220.383 0 0 1 -6.9222
1 0 0 4.17643 0 1 0 -219.776 0 0 1 -7.24163
1 0 0 4.89934 0 1 0 -219.218 0 0 1 -7.45991
1 0 0 5.5946 0 1 0 -217.929 0 0 1 -7.0667
1 0 0 6.70681 0 1 0 -216.155 0 0 1 -6.66703
1 0 0 7.40597 0 1 0 -215.066 0 0 1 -6.3753
1 0 0 7.81855 0 1 0 -214.144 0 0 1 -6.01088
1 0 0 8.4233 0 1 0 -212.959 0 0 1 -5.88567
1 0 0 8.8174 0 1 0 -211.851 0 0 1 -5.91783
1 0 0 9.89087 0 1 0 -210.92 0 0 1 -6.36972
1 0 0 9.96196 0 1 0 -210.463 0 0 1 -6.35387
1 0 0 9.84766 0 1 0 -209.959 0 0 1 -6.82436
1 0 0 9.48495 0 1 0 -208.68 0 0 1 -6.59381
1 0 0 9.54129 0 1 0 -207.335 0 0 1 -6.77177
1 0 0 9.3306 0 1 0 -206 0 0 1 -6.67673
1 0 0 9.27027 0 1 0 -204.902 0 0 1 -6.60099
1 0 0 9.32258 0 1 0 -203.793 0 0 1 -6.53761
1 0 0 9.12552 0 1 0 -202.442 0 0 1 -6.62448
1 0 0 8.9944 0 1 0 -201.105 0 0 1 -6.73391
1 0 0 8.96469 0 1 0 -199.907 0 0 1 -6.95307
1 0 0 8.61732 0 1 0 -198.931 0 0 1 -6.94498
1 0 0 8.62057 0 1 0 -197.859 0 0 1 -6.92997
1 0 0 8.62695 0 1 0 -196.655 0 0 1 -6.70338
1 0 0 7.60202 0 1 0 -194.615 0 0 1 -6.62668
1 0 0 6.90569 0 1 0 -193.134 0 0 1 -6.61582
1 0 0 6.47912 0 1 0 -191.344 0 0 1 -6.70844
1 0 0 5.76417 0 1 0 -189.961 0 0 1 -6.66651
1 0 0 5.45949 0 1 0 -188.543 0 0 1 -6.75465
1 0 0 5.63221 0 1 0 -187.108 0 0 1 -6.87113
1 0 0 5.56555 0 1 0 -185.978 0 0 1 -6.99293
1 0 0 5.3799 0 1 0 -184.543 0 0 1 -7.06321
1 0 0 5.68904 0 1 0 -183.349 0 0 1 -7.24003
1 0 0 6.06094 0 1 0 -182.273 0 0 1 -7.27495
1 0 0 6.5527 0 1 0 -180.872 0 0 1 -7.25234
1 0 0 6.95211 0 1 0 -179.579 0 0 1 -7.35877
1 0 0 7.35402 0 1 0 -178.485 0 0 1 -7.53326
1 0 0 7.83368 0 1 0 -177.34 0 0 1 -7.51755
1 0 0 8.06853 0 1 0 -176.091 0 0 1 -7.66844
1 0 0 8.04441 0 1 0 -174.953 0 0 1 -7.7319
1 0 0 8.04118 0 1 0 -173.667 0 0 1 -7.7641
1 0 0 8.10828 0 1 0 -172.265 0 0 1 -7.78211
1 0 0 8.52672 0 1 0 -171.782 0 0 1 -7.75372
1 0 0 8.62013 0 1 0 -170.546 0 0 1 -7.63552
1 0 0 8.39553 0 1 0 -168.805 0 0 1 -7.25188
1 0 0 8.46763 0 1 0 -167.633 0 0 1 -7.20024
1 0 0 9.24515 0 1 0 -166.681 0 0 1 -6.97838
1 0 0 9.45407 0 1 0 -165.119 0 0 1 -6.84194
1 0 0 9.98995 0 1 0 -163.535 0 0 1 -7.09323
1 0 0 10.2579 0 1 0 -160.942 0 0 1 -6.90677
1 0 0 10.538 0 1 0 -159.543 0 0 1 -7.0028
1 0 0 10.5997 0 1 0 -158.095 0 0 1 -6.93916
1 0 0 11.0051 0 1 0 -156.884 0 0 1 -6.89677
1 0 0 11.2416 0 1 0 -155.727 0 0 1 -6.90183
1 0 0 11.9771 0 1 0 -154.867 0 0 1 -6.75956
1 0 0 12.3179 0 1 0 -154.007 0 0 1 -6.70275
1 0 0 12.8043 0 1 0 -153.762 0 0 1 -6.26867
1 0 0 13.1458 0 1 0 -152.444 0 0 1 -6.42397
1 0 0 13.5296 0 1 0 -151.225 0 0 1 -6.45314
1 0 0 13.9405 0 1 0 -149.902 0 0 1 -6.57524
1 0 0 14.337 0 1 0 -148.58 0 0 1 -6.51644
1 0 0 14.6784 0 1 0 -147.404 0 0 1 -6.51342
1 0 0 14.2263 0 1 0 -146.93 0 0 1 -6.51338
1 0 0 14.2631 0 1 0 -145.48 0 0 1 -6.50374
1 0 0 14.1478 0 1 0 -144.257 0 0 1 -6.37203
1 0 0 14.4197 0 1 0 -143.386 0 0 1 -6.53945
1 0 0 15.1283 0 1 0 -142.758 0 0 1 -6.80722
1 0 0 15.5223 0 1 0 -141.935 0 0 1 -6.83469
1 0 0 15.7841 0 1 0 -140.761 0 0 1 -6.70422
1 0 0 16.2491 0 1 0 -139.616 0 0 1 -6.84756
1 0 0 16.6511 0 1 0 -138.39 0 0 1 -6.91413
1 0 0 17.1448 0 1 0 -137.429 0 0 1 -6.94185
1 0 0 17.7786 0 1 0 -136.6 0 0 1 -7.08035
1 0 0 18.2338 0 1 0 -135.648 0 0 1 -7.16983
1 0 0 18.7436 0 1 0 -134.622 0 0 1 -7.31323
1 0 0 19.3472 0 1 0 -133.68 0 0 1 -7.34145
1 0 0 20.4445 0 1 0 -132.929 0 0 1 -7.50408
1 0 0 21.9966 0 1 0 -132.215 0 0 1 -7.63131
1 0 0 22.4308 0 1 0 -131.069 0 0 1 -7.68026
1 0 0 23.4173 0 1 0 -130.236 0 0 1 -7.90104
1 0 0 24.0581 0 1 0 -128.643 0 0 1 -7.89539
1 0 0 24.5793 0 1 0 -127.59 0 0 1 -7.88527
1 0 0 25.2481 0 1 0 -126.376 0 0 1 -7.96681
1 0 0 26.0979 0 1 0 -125.116 0 0 1 -8.1267
1 0 0 26.9386 0 1 0 -124.239 0 0 1 -8.17192
1 0 0 27.7772 0 1 0 -123.362 0 0 1 -8.22262
1 0 0 28.4721 0 1 0 -122.301 0 0 1 -8.36418
1 0 0 29.075 0 1 0 -120.906 0 0 1 -8.57868
1 0 0 29.8482 0 1 0 -119.676 0 0 1 -8.65753
1 0 0 29.4405 0 1 0 -118.767 0 0 1 -8.77854
1 0 0 29.817 0 1 0 -117.225 0 0 1 -9.0388
1 0 0 30.7747 0 1 0 -116.115 0 0 1 -9.52654
1 0 0 31.6384 0 1 0 -115.154 0 0 1 -9.77196
1 0 0 32.5641 0 1 0 -114.331 0 0 1 -9.88135
1 0 0 33.4016 0 1 0 -113.317 0 0 1 -9.93707
1 0 0 34.0503 0 1 0 -112.253 0 0 1 -9.95597
1 0 0 34.7547 0 1 0 -111.371 0 0 1 -9.92163
1 0 0 35.7021 0 1 0 -110.879 0 0 1 -9.98409
1 0 0 36.5009 0 1 0 -110.069 0 0 1 -10.1967
1 0 0 37.5015 0 1 0 -109.1 0 0 1 -10.4622
1 0 0 38.504 0 1 0 -108.238 0 0 1 -10.5951
1 0 0 39.3043 0 1 0 -107.55 0 0 1 -10.7109
1 0 0 39.9294 0 1 0 -107.012 0 0 1 -10.721
1 0 0 40.441 0 1 0 -106.572 0 0 1 -10.8306
1 0 0 41.1802 0 1 0 -106.128 0 0 1 -11.1397
1 0 0 42.1488 0 1 0 -105.309 0 0 1 -11.2307
1 0 0 43.0747 0 1 0 -104.602 0 0 1 -11.295
1 0 0 44.1251 0 1 0 -103.799 0 0 1 -11.4081
1 0 0 45.2746 0 1 0 -102.889 0 0 1 -11.5903
1 0 0 46.462 0 1 0 -101.961 0 0 1 -11.7412
1 0 0 47.6956 0 1 0 -101.686 0 0 1 -11.8317
1 0 0 48.8268 0 1 0 -101.121 0 0 1 -11.9458
1 0 0 49.6881 0 1 0 -100.087 0 0 1 -12.1373
1 0 0 50.3291 0 1 0 -99.1433 0 0 1 -12.2188
1 0 0 51.0376 0 1 0 -98.1948 0 0 1 -12.323
1 0 0 51.4315 0 1 0 -96.4497 0 0 1 -11.9714
1 0 0 51.7577 0 1 0 -94.9881 0 0 1 -11.9509
1 0 0 52.1389 0 1 0 -93.8406 0 0 1 -11.9128
1 0 0 52.7457 0 1 0 -92.3874 0 0 1 -11.7441
1 0 0 52.9459 0 1 0 -90.7539 0 0 1 -11.6214
1 0 0 52.7455 0 1 0 -88.6952 0 0 1 -11.1835
1 0 0 52.9983 0 1 0 -87.3888 0 0 1 -10.9646
1 0 0 52.0577 0 1 0 -84.9281 0 0 1 -10.5965
1 0 0 52.3231 0 1 0 -83.759 0 0 1 -10.5766
1 0 0 52.6523 0 1 0 -82.423 0 0 1 -10.5682
1 0 0 52.8747 0 1 0 -80.8639 0 0 1 -10.4862
1 0 0 52.8898 0 1 0 -79.5661 0 0 1 -10.4283
1 0 0 52.8423 0 1 0 -77.5923 0 0 1 -10.2848
1 0 0 53.2626 0 1 0 -76.019 0 0 1 -10.3728
1 0 0 53.5648 0 1 0 -74.5836 0 0 1 -10.4347
1 0 0 53.611 0 1 0 -73.1944 0 0 1 -10.43
1 0 0 53.5447 0 1 0 -71.8809 0 0 1 -10.5829
1 0 0 53.732 0 1 0 -70.7496 0 0 1 -10.9174
1 0 0 53.6436 0 1 0 -69.2828 0 0 1 -11.1495
1 0 0 53.3787 0 1 0 -67.9379 0 0 1 -11.563
1 0 0 52.6569 0 1 0 -66.1328 0 0 1 -11.7299
1 0 0 51.8115 0 1 0 -64.4086 0 0 1 -11.7692
1 0 0 50.7076 0 1 0 -62.6132 0 0 1 -11.7012
1 0 0 50.4757 0 1 0 -60.6963 0 0 1 -10.6539
1 0 0 49.6684 0 1 0 -59.0029 0 0 1 -9.809
1 0 0 49.1595 0 1 0 -57.2794 0 0 1 -9.05548
1 0 0 48.3091 0 1 0 -55.8082 0 0 1 -9.03812
1 0 0 47.6438 0 1 0 -54.3767 0 0 1 -8.84067
1 0 0 46.5347 0 1 0 -53.0587 0 0 1 -8.73714
1 0 0 45.6921 0 1 0 -51.7581 0 0 1 -8.80551
1 0 0 44.8936 0 1 0 -50.6966 0 0 1 -8.63706
1 0 0 44.3318 0 1 0 -49.7132 0 0 1 -8.4286
1 0 0 43.6013 0 1 0 -48.925 0 0 1 -8.27574
1 0 0 43.0669 0 1 0 -48.2265 0 0 1 -8.37218
1 0 0 42.5483 0 1 0 -47.375 0 0 1 -8.55918
1 0 0 41.9844 0 1 0 -45.8549 0 0 1 -8.15362
1 0 0 41.4595 0 1 0 -44.3216 0 0 1 -7.92454
1 0 0 40.943 0 1 0 -42.845 0 0 1 -7.81038
1 0 0 40.3427 0 1 0 -41.3535 0 0 1 -7.66228
1 0 0 39.5196 0 1 0 -39.9147 0 0 1 -7.32628
1 0 0 39.0681 0 1 0 -38.5461 0 0 1 -6.93168
1 0 0 38.5692 0 1 0 -37.4269 0 0 1 -6.70527
1 0 0 37.8182 0 1 0 -36.3646 0 0 1 -6.54291
1 0 0 36.9457 0 1 0 -35.4972 0 0 1 -6.45772
1 0 0 36.2625 0 1 0 -34.7243 0 0 1 -6.62457
1 0 0 35.6122 0 1 0 -33.8608 0 0 1 -6.32566
1 0 0 34.9129 0 1 0 -32.9455 0 0 1 -6.07792
1 0 0 34.5718 0 1 0 -33.0822 0 0 1 -5.9008
1 0 0 33.74 0 1 0 -32.3772 0 0 1 -5.72448
1 0 0 32.8429 0 1 0 -31.5561 0 0 1 -5.47746
1 0 0 32.0605 0 1 0 -30.5724 0 0 1 -5.32967
1 0 0 31.0213 0 1 0 -30.165 0 0 1 -5.39812
1 0 0 29.7746 0 1 0 -29.5746 0 0 1 -5.27984
1 0 0 29.0965 0 1 0 -28.3694 0 0 1 -5.36241
1 0 0 28.2707 0 1 0 -27.2836 0 0 1 -5.18214
1 0 0 27.5207 0 1 0 -26.1709 0 0 1 -5.00938
1 0 0 26.6352 0 1 0 -25.0349 0 0 1 -4.78253
1 0 0 25.3791 0 1 0 -24.3412 0 0 1 -4.36147
1 0 0 23.1304 0 1 0 -24.2448 0 0 1 -4.08397
1 0 0 21.4619 0 1 0 -23.5819 0 0 1 -3.84787
1 0 0 20.6338 0 1 0 -22.1976 0 0 1 -3.84769
1 0 0 19.9083 0 1 0 -20.6201 0 0 1 -3.93257
1 0 0 18.7605 0 1 0 -19.3074 0 0 1 -3.69499
1 0 0 17.7394 0 1 0 -18.0756 0 0 1 -3.65833
1 0 0 16.8359 0 1 0 -16.9676 0 0 1 -3.58515
1 0 0 15.9577 0 1 0 -16.0205 0 0 1 -3.71267
1 0 0 15.1316 0 1 0 -14.9639 0 0 1 -3.75773
1 0 0 14.3928 0 1 0 -13.9831 0 0 1 -3.80583
1 0 0 13.5372 0 1 0 -12.9479 0 0 1 -3.71687
1 0 0 12.5719 0 1 0 -12.0549 0 0 1 -3.84242
1 0 0 11.5595 0 1 0 -10.9864 0 0 1 -3.95122
1 0 0 10.6149 0 1 0 -9.74316 0 0 1 -4.03137
1 0 0 9.65087 0 1 0 -8.6947 0 0 1 -4.14247
1 0 0 8.65305 0 1 0 -7.56535 0 0 1 -4.17487
1 0 0 7.80495 0 1 0 -6.63836 0 0 1 -4.16823
1 0 0 7.25247 0 1 0 -5.63564 0 0 1 -4.21752
1 0 0 6.90192 0 1 0 -4.54568 0 0 1 -4.34143
1 0 0 6.39308 0 1 0 -3.53789 0 0 1 -4.61058
1 0 0 5.57612 0 1 0 -2.65556 0 0 1 -4.73649
1 0 0 4.64411 0 1 0 -1.85442 0 0 1 -5.02114
1 0 0 3.51952 0 1 0 -0.94859 0 0 1 -5.20157
1 0 0 2.30613 0 1 0 -0.00943358 0 0 1 -5.40965
1 0 0 1.07316 0 1 0 0.899815 0 0 1 -5.64021
1 0 0 -0.0878915 0 1 0 1.51535 0 0 1 -5.91869
1 0 0 -1.60056 0 1 0 1.59271 0 0 1 -6.02889
1 0 0 -2.83985 0 1 0 1.05276 0 0 1 -6.20853
1 0 0 -4.01725 0 1 0 0.498377 0 0 1 -6.26142
1 0 0 -5.32238 0 1 0 0.152457 0 0 1 -6.20115
1 0 0 -6.66143 0 1 0 -0.0654802 0 0 1 -6.0768
1 0 0 -7.90131 0 1 0 -0.439606 0 0 1 -6.13626
1 0 0 -9.21428 0 1 0 -0.962352 0 0 1 -6.19879
1 0 0 -10.5783 0 1 0 -1.6024 0 0 1 -6.36732
1 0 0 -11.7967 0 1 0 -2.39621 0 0 1 -6.62354
1 0 0 -12.9315 0 1 0 -3.20684 0 0 1 -6.93607
1 0 0 -14.088 0 1 0 -3.93087 0 0 1 -7.10974
1 0 0 -15.1305 0 1 0 -4.827 0 0 1 -7.24454
1 0 0 -16.2945 0 1 0 -5.64259 0 0 1 -7.2449
1 0 0 -17.5147 0 1 0 -6.39018 0 0 1 -7.28848
1 0 0 -18.7005 0 1 0 -6.84023 0 0 1 -7.27035
1 0 0 -19.7991 0 1 0 -7.23753 0 0 1 -7.24683
1 0 0 -21.0191 0 1 0 -7.87689 0 0 1 -7.11122
1 0 0 -21.9826 0 1 0 -8.64522 0 0 1 -7.06353
1 0 0 -22.6285 0 1 0 -9.31095 0 0 1 -7.02909
1 0 0 -23.3164 0 1 0 -9.80279 0 0 1 -6.93527
1 0 0 -24.1462 0 1 0 -10.195 0 0 1 -6.83703
1 0 0 -25.0322 0 1 0 -10.7195 0 0 1 -6.72364
1 0 0 -25.859 0 1 0 -11.3043 0 0 1 -6.57154
1 0 0 -26.6677 0 1 0 -12.0178 0 0 1 -6.40335
1 0 0 -27.4395 0 1 0 -12.9062 0 0 1 -6.33567
1 0 0 -28.1363 0 1 0 -13.6498 0 0 1 -6.32657
1 0 0 -29.2026 0 1 0 -14.2627 0 0 1 -6.267
1 0 0 -30.302 0 1 0 -15.251 0 0 1 -6.14336
1 0 0 -31.2743 0 1 0 -16.1383 0 0 1 -6.15099
1 0 0 -32.1488 0 1 0 -17.3331 0 0 1 -6.1578
1 0 0 -32.9971 0 1 0 -18.2186 0 0 1 -6.24864
1 0 0 -33.8258 0 1 0 -18.8809 0 0 1 -6.36941
1 0 0 -34.7701 0 1 0 -19.7183 0 0 1 -6.4001
1 0 0 -35.4983 0 1 0 -20.3539 0 0 1 -6.38776
1 0 0 -36.2173 0 1 0 -20.7735 0 0 1 -6.38124
1 0 0 -36.5731 0 1 0 -20.9874 0 0 1 -6.32955
1 0 0 -36.8312 0 1 0 -21.3442 0 0 1 -6.1804
1 0 0 -36.9727 0 1 0 -21.2854 0 0 1 -5.95821
1 0 0 -36.9727 0 1 0 -21.2854 0 0 1 -5.95821
